0 REM SYS1024,START ADDRESS,END ADDRESS,NEW ADDRESS

sa%=1024:ea%=sa%+160
for i =sa% to ea% : read q : poke i,q : next
data 32,253,174,32,138,173,32,247,183,165,20,133,87,165,21,133,88,32,253
data 174,32,138,173,32,247,183,165,20,133,90,165,21,133,91,32,253,174,32
data 138,173,32,247,183,165,20,133,93,165,21,133,94,56,165,90,229,87,168
data 132,92,165,91,229,88,170,165,87,197,93,165,88,229,94,144,31,160,0,138
data 240,14,177,87,145,93,200,208,249,230,94,230,88,202,208,242,166,92,232
data 177,87,145,93,200,202,208,248,96,152,101,93,133,93,138,101,94,133,94
data 160,0,138,240,19,177,90,145,93,136,198,91,198,94,177,90,145,93,136,208
data 249,202,208,237,177,90,145,93,136,198,91,198,94,166,92,240,8,177,90
data 145,93,136,202,208,248,96



